0.0
40.45887589
89.28221046
147.7189892
217.1665856
299.1815918
395.4895657
507.9929822
638.7764967
790.1084287
964.4371647
1164.380975
1392.709559
1652.315497
1946.17379
2277.28773
2648.61972
3063.006186
3523.056642
4031.038177
4588.748188
5197.380021
5857.388102
6568.36106
7328.912774
8136.602106
8987.891809
9878.155532
10801.739
11752.07722
12721.86479
13703.27086
14688.18615
15668.48557
16636.28868
17584.20052
18505.51801
19394.39066
20245.92957
21056.26324
21822.54351
22542.90802
23216.40816
23842.91199
24422.99204
24957.80635
25448.98017
25898.49376
26308.58008
26681.63475
27020.1393
27326.59767
27603.48547
27853.21064
28078.08442
28280.30084