20.22943795
64.87054317
118.50059983
182.44278740
258.17408870
347.33557875
451.74127395
573.38473945
714.44246270
877.27279670
1064.40906985
1278.54526700
1522.51252800
1799.24464350
2111.73076000
2462.95372500
2855.81295300
3293.03141400
3777.04740950
4309.89318250
4893.06410450
5527.38406150
6212.87458100
6948.63691700
7732.75744000
8562.24695750
9433.02367050
10339.94726600
11276.90811000
12236.97100500
13212.56782500
14195.72850500
15178.33586000
16152.38712500
17110.24460000
18044.85926500
18949.95433500
19820.16011500
20651.09640500
21439.40337500
22182.72576500
22879.65809000
23529.66007500
24132.95201500
24690.39919500
25203.39326000
25673.73696500
26103.53692000
26495.10741500
26850.88702500
27173.36848500
27465.04157000
27728.34805500
27965.64753000
28179.19263000
